RS: 404.0 +- 1.0
SA: 402.0 +- 2.0976176963403033

SA: 402.6 +- 1.7435595774162693
RS: 404.2 +- 0.8717797887081348

SA: 403.2 +- 0.9797958971132713
RS: 403.6 +- 1.2806248474865698
