SA: 974.6 +- 2.4979991993593593
RS: 979.0 +- 2.04939015319192

SA: 975.9 +- 3.0805843601498726
RS: 979.5 +- 1.9621416870348585
